home_win_pct,away_win_pct,conf_win_rate,scoring_efficiency,reb_efficiency,defensive_pts_efficiency,def_reb_efficiency,off_reb_efficiency,ast_to_ratio,coachWinRate,playoff,prediction_label,prediction_score
0.71,0.35,0.45,1.18,0.52,82.26,0.5,0.52,0.93,0.53,1,1,0.5302
0.71,0.35,0.45,1.18,0.52,82.26,0.5,0.52,0.93,0.53,1,1,0.5302
0.71,0.35,0.45,1.18,0.52,82.26,0.5,0.52,0.93,0.53,1,1,0.5302
0.71,0.35,0.45,1.18,0.52,82.26,0.5,0.52,0.93,0.53,1,1,0.5302
0.71,0.35,0.45,1.18,0.52,82.26,0.5,0.52,0.93,0.53,1,1,0.5302
0.71,0.35,0.45,1.18,0.52,82.26,0.5,0.52,0.93,0.53,1,1,0.5302
0.71,0.35,0.45,1.18,0.52,82.26,0.5,0.52,0.93,0.53,1,1,0.5302
0.71,0.35,0.45,1.18,0.52,82.26,0.5,0.52,0.93,0.53,1,1,0.5302
0.71,0.35,0.45,1.18,0.52,82.26,0.5,0.52,0.93,0.53,1,1,0.5302
0.71,0.35,0.45,1.18,0.52,82.26,0.5,0.52,0.93,0.53,1,1,0.5302
0.71,0.35,0.45,1.18,0.52,82.26,0.5,0.52,0.93,0.53,1,1,0.5302
0.71,0.35,0.45,1.18,0.52,82.26,0.5,0.52,0.93,0.53,1,1,0.5302
0.71,0.35,0.45,1.18,0.52,82.26,0.5,0.52,0.93,0.53,1,1,0.5302
0.71,0.24,0.45,1.2,0.51,79.21,0.51,0.51,1.0,0.47,0,1,0.5302
0.71,0.24,0.45,1.2,0.51,79.21,0.51,0.51,1.0,0.47,0,1,0.5302
0.71,0.24,0.45,1.2,0.51,79.21,0.51,0.51,1.0,0.47,0,1,0.5302
0.71,0.24,0.45,1.2,0.51,79.21,0.51,0.51,1.0,0.47,0,1,0.5302
0.71,0.24,0.45,1.2,0.51,79.21,0.51,0.51,1.0,0.47,0,1,0.5302
0.71,0.24,0.45,1.2,0.51,79.21,0.51,0.51,1.0,0.47,0,1,0.5302
0.71,0.24,0.45,1.2,0.51,79.21,0.51,0.51,1.0,0.47,0,1,0.5302
0.71,0.24,0.45,1.2,0.51,79.21,0.51,0.51,1.0,0.47,0,1,0.5302
0.71,0.24,0.45,1.2,0.51,79.21,0.51,0.51,1.0,0.47,0,1,0.5302
0.71,0.24,0.45,1.2,0.51,79.21,0.51,0.51,1.0,0.47,0,1,0.5302
0.71,0.24,0.45,1.2,0.51,79.21,0.51,0.51,1.0,0.47,0,1,0.5302
0.71,0.24,0.45,1.2,0.51,79.21,0.51,0.51,1.0,0.47,0,1,0.5302
0.71,0.24,0.45,1.11,0.5,78.06,0.57,0.5,1.34,0.47,0,1,0.5302
0.71,0.24,0.45,1.11,0.5,78.06,0.57,0.5,1.34,0.47,0,1,0.5302
0.71,0.24,0.45,1.11,0.5,78.06,0.57,0.5,1.34,0.47,0,1,0.5302
0.71,0.24,0.45,1.11,0.5,78.06,0.57,0.5,1.34,0.47,0,1,0.5302
0.71,0.24,0.45,1.11,0.5,78.06,0.57,0.5,1.34,0.47,0,1,0.5302
0.71,0.24,0.45,1.11,0.5,78.06,0.57,0.5,1.34,0.47,0,1,0.5302
0.71,0.24,0.45,1.11,0.5,78.06,0.57,0.5,1.34,0.47,0,1,0.5302
0.71,0.24,0.45,1.11,0.5,78.06,0.57,0.5,1.34,0.47,0,1,0.5302
0.71,0.24,0.45,1.11,0.5,78.06,0.57,0.5,1.34,0.47,0,1,0.5302
0.71,0.24,0.45,1.11,0.5,78.06,0.57,0.5,1.34,0.47,0,1,0.5302
0.71,0.24,0.45,1.11,0.5,78.06,0.57,0.5,1.34,0.47,0,1,0.5302
0.71,0.24,0.45,1.11,0.5,78.06,0.57,0.5,1.34,0.47,0,1,0.5302
0.71,0.24,0.45,1.11,0.5,78.06,0.57,0.5,1.34,0.47,0,1,0.5302
0.71,0.24,0.45,1.11,0.5,78.06,0.57,0.5,1.34,0.47,0,1,0.5302
0.65,0.41,0.5,1.16,0.54,77.76,0.5,0.54,1.05,0.33,1,1,0.5302
0.65,0.41,0.5,1.16,0.54,77.76,0.5,0.54,1.05,0.33,1,1,0.5302
0.65,0.41,0.5,1.16,0.54,77.76,0.5,0.54,1.05,0.33,1,1,0.5302
0.65,0.41,0.5,1.16,0.54,77.76,0.5,0.54,1.05,0.33,1,1,0.5302
0.65,0.41,0.5,1.16,0.54,77.76,0.5,0.54,1.05,0.33,1,1,0.5302
0.65,0.41,0.5,1.16,0.54,77.76,0.5,0.54,1.05,0.33,1,1,0.5302
0.65,0.41,0.5,1.16,0.54,77.76,0.5,0.54,1.05,0.33,1,1,0.5302
0.65,0.41,0.5,1.16,0.54,77.76,0.5,0.54,1.05,0.33,1,1,0.5302
0.65,0.41,0.5,1.16,0.54,77.76,0.5,0.54,1.05,0.33,1,1,0.5302
0.65,0.41,0.5,1.16,0.54,77.76,0.5,0.54,1.05,0.33,1,1,0.5302
0.65,0.41,0.5,1.16,0.54,77.76,0.5,0.54,1.05,0.33,1,1,0.5302
0.65,0.41,0.5,1.16,0.54,77.76,0.5,0.54,1.05,0.33,1,1,0.5302
0.65,0.41,0.5,1.16,0.54,77.76,0.5,0.54,1.05,0.33,1,1,0.5302
0.65,0.41,0.5,1.16,0.54,77.76,0.5,0.54,1.05,0.33,1,1,0.5302
0.65,0.41,0.5,1.16,0.54,77.76,0.5,0.54,1.05,0.33,1,1,0.5302
0.65,0.41,0.5,1.16,0.54,77.76,0.5,0.54,1.05,0.33,1,1,0.5302
0.65,0.41,0.5,1.16,0.54,77.76,0.5,0.54,1.05,0.33,1,1,0.5302
0.65,0.41,0.5,1.16,0.54,77.76,0.5,0.54,1.05,0.33,1,1,0.5302
0.65,0.41,0.5,1.16,0.54,77.76,0.5,0.54,1.05,0.55,1,1,0.5302
0.65,0.41,0.5,1.16,0.54,77.76,0.5,0.54,1.05,0.55,1,1,0.5302
0.65,0.41,0.5,1.16,0.54,77.76,0.5,0.54,1.05,0.55,1,1,0.5302
0.65,0.41,0.5,1.16,0.54,77.76,0.5,0.54,1.05,0.55,1,1,0.5302
0.65,0.41,0.5,1.16,0.54,77.76,0.5,0.54,1.05,0.55,1,1,0.5302
0.65,0.41,0.5,1.16,0.54,77.76,0.5,0.54,1.05,0.55,1,1,0.5302
0.65,0.41,0.5,1.16,0.54,77.76,0.5,0.54,1.05,0.55,1,1,0.5302
0.65,0.41,0.5,1.16,0.54,77.76,0.5,0.54,1.05,0.55,1,1,0.5302
0.65,0.41,0.5,1.16,0.54,77.76,0.5,0.54,1.05,0.55,1,1,0.5302
0.65,0.41,0.5,1.16,0.54,77.76,0.5,0.54,1.05,0.55,1,1,0.5302
0.65,0.41,0.5,1.16,0.54,77.76,0.5,0.54,1.05,0.55,1,1,0.5302
0.65,0.41,0.5,1.16,0.54,77.76,0.5,0.54,1.05,0.55,1,1,0.5302
0.65,0.41,0.5,1.16,0.54,77.76,0.5,0.54,1.05,0.55,1,1,0.5302
0.65,0.41,0.5,1.16,0.54,77.76,0.5,0.54,1.05,0.55,1,1,0.5302
0.65,0.41,0.5,1.16,0.54,77.76,0.5,0.54,1.05,0.55,1,1,0.5302
0.65,0.41,0.5,1.16,0.54,77.76,0.5,0.54,1.05,0.55,1,1,0.5302
0.65,0.41,0.5,1.16,0.54,77.76,0.5,0.54,1.05,0.55,1,1,0.5302
0.65,0.41,0.5,1.16,0.54,77.76,0.5,0.54,1.05,0.55,1,1,0.5302
0.82,0.47,0.77,1.18,0.51,73.56,0.55,0.51,0.99,0.65,1,1,0.5302
0.82,0.47,0.77,1.18,0.51,73.56,0.55,0.51,0.99,0.65,1,1,0.5302
0.82,0.47,0.77,1.18,0.51,73.56,0.55,0.51,0.99,0.65,1,1,0.5302
0.82,0.47,0.77,1.18,0.51,73.56,0.55,0.51,0.99,0.65,1,1,0.5302
0.82,0.47,0.77,1.18,0.51,73.56,0.55,0.51,0.99,0.65,1,1,0.5302
0.82,0.47,0.77,1.18,0.51,73.56,0.55,0.51,0.99,0.65,1,1,0.5302
0.82,0.47,0.77,1.18,0.51,73.56,0.55,0.51,0.99,0.65,1,1,0.5302
0.82,0.47,0.77,1.18,0.51,73.56,0.55,0.51,0.99,0.65,1,1,0.5302
0.82,0.47,0.77,1.18,0.51,73.56,0.55,0.51,0.99,0.65,1,1,0.5302
0.82,0.47,0.77,1.18,0.51,73.56,0.55,0.51,0.99,0.65,1,1,0.5302
0.82,0.47,0.77,1.18,0.51,73.56,0.55,0.51,0.99,0.65,1,1,0.5302
0.82,0.47,0.77,1.18,0.51,73.56,0.55,0.51,0.99,0.65,1,1,0.5302
0.82,0.47,0.77,1.18,0.51,73.56,0.55,0.51,0.99,0.65,1,1,0.5302
0.82,0.47,0.77,1.18,0.51,73.56,0.55,0.51,0.99,0.65,1,1,0.5302
0.65,0.41,0.55,1.12,0.55,73.47,0.46,0.55,1.03,0.53,1,1,0.5302
0.65,0.41,0.55,1.12,0.55,73.47,0.46,0.55,1.03,0.53,1,1,0.5302
0.65,0.41,0.55,1.12,0.55,73.47,0.46,0.55,1.03,0.53,1,1,0.5302
0.65,0.41,0.55,1.12,0.55,73.47,0.46,0.55,1.03,0.53,1,1,0.5302
0.65,0.41,0.55,1.12,0.55,73.47,0.46,0.55,1.03,0.53,1,1,0.5302
0.65,0.41,0.55,1.12,0.55,73.47,0.46,0.55,1.03,0.53,1,1,0.5302
0.65,0.41,0.55,1.12,0.55,73.47,0.46,0.55,1.03,0.53,1,1,0.5302
0.65,0.41,0.55,1.12,0.55,73.47,0.46,0.55,1.03,0.53,1,1,0.5302
0.65,0.41,0.55,1.12,0.55,73.47,0.46,0.55,1.03,0.53,1,1,0.5302
0.65,0.41,0.55,1.12,0.55,73.47,0.46,0.55,1.03,0.53,1,1,0.5302
0.65,0.41,0.55,1.12,0.55,73.47,0.46,0.55,1.03,0.53,1,1,0.5302
0.53,0.29,0.35,1.21,0.48,83.15,0.52,0.48,0.99,0.41,0,1,0.5302
0.53,0.29,0.35,1.21,0.48,83.15,0.52,0.48,0.99,0.41,0,1,0.5302
0.53,0.29,0.35,1.21,0.48,83.15,0.52,0.48,0.99,0.41,0,1,0.5302
0.53,0.29,0.35,1.21,0.48,83.15,0.52,0.48,0.99,0.41,0,1,0.5302
0.53,0.29,0.35,1.21,0.48,83.15,0.52,0.48,0.99,0.41,0,1,0.5302
0.53,0.29,0.35,1.21,0.48,83.15,0.52,0.48,0.99,0.41,0,1,0.5302
0.53,0.29,0.35,1.21,0.48,83.15,0.52,0.48,0.99,0.41,0,1,0.5302
0.53,0.29,0.35,1.21,0.48,83.15,0.52,0.48,0.99,0.41,0,1,0.5302
0.53,0.29,0.35,1.21,0.48,83.15,0.52,0.48,0.99,0.41,0,1,0.5302
0.53,0.29,0.35,1.21,0.48,83.15,0.52,0.48,0.99,0.41,0,1,0.5302
0.53,0.29,0.35,1.21,0.48,83.15,0.52,0.48,0.99,0.41,0,1,0.5302
0.53,0.29,0.35,1.21,0.48,83.15,0.52,0.48,0.99,0.41,0,1,0.5302
0.53,0.29,0.35,1.21,0.48,83.15,0.52,0.48,0.99,0.41,0,1,0.5302
0.47,0.29,0.41,1.16,0.5,74.56,0.56,0.5,0.97,0.35,0,1,0.5302
0.47,0.29,0.41,1.16,0.5,74.56,0.56,0.5,0.97,0.35,0,1,0.5302
0.47,0.29,0.41,1.16,0.5,74.56,0.56,0.5,0.97,0.35,0,1,0.5302
0.47,0.29,0.41,1.16,0.5,74.56,0.56,0.5,0.97,0.35,0,1,0.5302
0.47,0.29,0.41,1.16,0.5,74.56,0.56,0.5,0.97,0.35,0,1,0.5302
0.47,0.29,0.41,1.16,0.5,74.56,0.56,0.5,0.97,0.35,0,1,0.5302
0.47,0.29,0.41,1.16,0.5,74.56,0.56,0.5,0.97,0.35,0,1,0.5302
0.47,0.29,0.41,1.16,0.5,74.56,0.56,0.5,0.97,0.35,0,1,0.5302
0.47,0.29,0.41,1.16,0.5,74.56,0.56,0.5,0.97,0.35,0,1,0.5302
0.47,0.29,0.41,1.16,0.5,74.56,0.56,0.5,0.97,0.35,0,1,0.5302
0.47,0.29,0.41,1.16,0.5,74.56,0.56,0.5,0.97,0.35,0,1,0.5302
0.47,0.29,0.41,1.16,0.5,74.56,0.56,0.5,0.97,0.41,0,1,0.5302
0.47,0.29,0.41,1.16,0.5,74.56,0.56,0.5,0.97,0.41,0,1,0.5302
0.47,0.29,0.41,1.16,0.5,74.56,0.56,0.5,0.97,0.41,0,1,0.5302
0.47,0.29,0.41,1.16,0.5,74.56,0.56,0.5,0.97,0.41,0,1,0.5302
0.47,0.29,0.41,1.16,0.5,74.56,0.56,0.5,0.97,0.41,0,1,0.5302
0.47,0.29,0.41,1.16,0.5,74.56,0.56,0.5,0.97,0.41,0,1,0.5302
0.47,0.29,0.41,1.16,0.5,74.56,0.56,0.5,0.97,0.41,0,1,0.5302
0.47,0.29,0.41,1.16,0.5,74.56,0.56,0.5,0.97,0.41,0,1,0.5302
0.47,0.29,0.41,1.16,0.5,74.56,0.56,0.5,0.97,0.41,0,1,0.5302
0.47,0.29,0.41,1.16,0.5,74.56,0.56,0.5,0.97,0.41,0,1,0.5302
0.47,0.29,0.41,1.16,0.5,74.56,0.56,0.5,0.97,0.41,0,1,0.5302
0.71,0.65,0.65,1.29,0.48,89.15,0.5,0.48,1.25,0.68,1,1,0.5302
0.71,0.65,0.65,1.29,0.48,89.15,0.5,0.48,1.25,0.68,1,1,0.5302
0.71,0.65,0.65,1.29,0.48,89.15,0.5,0.48,1.25,0.68,1,1,0.5302
0.71,0.65,0.65,1.29,0.48,89.15,0.5,0.48,1.25,0.68,1,1,0.5302
0.71,0.65,0.65,1.29,0.48,89.15,0.5,0.48,1.25,0.68,1,1,0.5302
0.71,0.65,0.65,1.29,0.48,89.15,0.5,0.48,1.25,0.68,1,1,0.5302
0.71,0.65,0.65,1.29,0.48,89.15,0.5,0.48,1.25,0.68,1,1,0.5302
0.71,0.65,0.65,1.29,0.48,89.15,0.5,0.48,1.25,0.68,1,1,0.5302
0.71,0.65,0.65,1.29,0.48,89.15,0.5,0.48,1.25,0.68,1,1,0.5302
0.71,0.65,0.65,1.29,0.48,89.15,0.5,0.48,1.25,0.68,1,1,0.5302
0.71,0.65,0.65,1.29,0.48,89.15,0.5,0.48,1.25,0.68,1,1,0.5302
0.71,0.65,0.65,1.29,0.48,89.15,0.5,0.48,1.25,0.68,1,1,0.5302
0.41,0.29,0.3,1.19,0.53,79.12,0.46,0.53,0.92,0.23,0,1,0.5302
0.41,0.29,0.3,1.19,0.53,79.12,0.46,0.53,0.92,0.23,0,1,0.5302
0.41,0.29,0.3,1.19,0.53,79.12,0.46,0.53,0.92,0.23,0,1,0.5302
0.41,0.29,0.3,1.19,0.53,79.12,0.46,0.53,0.92,0.23,0,1,0.5302
0.41,0.29,0.3,1.19,0.53,79.12,0.46,0.53,0.92,0.23,0,1,0.5302
0.41,0.29,0.3,1.19,0.53,79.12,0.46,0.53,0.92,0.23,0,1,0.5302
0.41,0.29,0.3,1.19,0.53,79.12,0.46,0.53,0.92,0.23,0,1,0.5302
0.41,0.29,0.3,1.19,0.53,79.12,0.46,0.53,0.92,0.23,0,1,0.5302
0.41,0.29,0.3,1.19,0.53,79.12,0.46,0.53,0.92,0.23,0,1,0.5302
0.41,0.29,0.3,1.19,0.53,79.12,0.46,0.53,0.92,0.23,0,1,0.5302
0.41,0.29,0.3,1.19,0.53,79.12,0.46,0.53,0.92,0.23,0,1,0.5302
0.41,0.29,0.3,1.19,0.53,79.12,0.46,0.53,0.92,0.23,0,1,0.5302
0.41,0.29,0.3,1.19,0.53,79.12,0.46,0.53,0.92,0.23,0,1,0.5302
0.41,0.29,0.3,1.19,0.53,79.12,0.46,0.53,0.92,0.43,0,1,0.5302
0.41,0.29,0.3,1.19,0.53,79.12,0.46,0.53,0.92,0.43,0,1,0.5302
0.41,0.29,0.3,1.19,0.53,79.12,0.46,0.53,0.92,0.43,0,1,0.5302
0.41,0.29,0.3,1.19,0.53,79.12,0.46,0.53,0.92,0.43,0,1,0.5302
0.41,0.29,0.3,1.19,0.53,79.12,0.46,0.53,0.92,0.43,0,1,0.5302
0.41,0.29,0.3,1.19,0.53,79.12,0.46,0.53,0.92,0.43,0,1,0.5302
0.41,0.29,0.3,1.19,0.53,79.12,0.46,0.53,0.92,0.43,0,1,0.5302
0.41,0.29,0.3,1.19,0.53,79.12,0.46,0.53,0.92,0.43,0,1,0.5302
0.41,0.29,0.3,1.19,0.53,79.12,0.46,0.53,0.92,0.43,0,1,0.5302
0.41,0.29,0.3,1.19,0.53,79.12,0.46,0.53,0.92,0.43,0,1,0.5302
0.41,0.29,0.3,1.19,0.53,79.12,0.46,0.53,0.92,0.43,0,1,0.5302
0.41,0.29,0.3,1.19,0.53,79.12,0.46,0.53,0.92,0.43,0,1,0.5302
0.41,0.29,0.3,1.19,0.53,79.12,0.46,0.53,0.92,0.43,0,1,0.5302
0.59,0.29,0.5,1.19,0.48,78.26,0.52,0.48,1.17,0.44,1,1,0.5302
0.59,0.29,0.5,1.19,0.48,78.26,0.52,0.48,1.17,0.44,1,1,0.5302
0.59,0.29,0.5,1.19,0.48,78.26,0.52,0.48,1.17,0.44,1,1,0.5302
0.59,0.29,0.5,1.19,0.48,78.26,0.52,0.48,1.17,0.44,1,1,0.5302
0.59,0.29,0.5,1.19,0.48,78.26,0.52,0.48,1.17,0.44,1,1,0.5302
0.59,0.29,0.5,1.19,0.48,78.26,0.52,0.48,1.17,0.44,1,1,0.5302
0.59,0.29,0.5,1.19,0.48,78.26,0.52,0.48,1.17,0.44,1,1,0.5302
0.59,0.29,0.5,1.19,0.48,78.26,0.52,0.48,1.17,0.44,1,1,0.5302
0.59,0.29,0.5,1.19,0.48,78.26,0.52,0.48,1.17,0.44,1,1,0.5302
0.76,0.41,0.65,1.2,0.52,72.82,0.5,0.52,0.97,0.59,1,1,0.5302
0.76,0.41,0.65,1.2,0.52,72.82,0.5,0.52,0.97,0.59,1,1,0.5302
0.76,0.41,0.65,1.2,0.52,72.82,0.5,0.52,0.97,0.59,1,1,0.5302
0.76,0.41,0.65,1.2,0.52,72.82,0.5,0.52,0.97,0.59,1,1,0.5302
0.76,0.41,0.65,1.2,0.52,72.82,0.5,0.52,0.97,0.59,1,1,0.5302
0.76,0.41,0.65,1.2,0.52,72.82,0.5,0.52,0.97,0.59,1,1,0.5302
0.76,0.41,0.65,1.2,0.52,72.82,0.5,0.52,0.97,0.59,1,1,0.5302
0.76,0.41,0.65,1.2,0.52,72.82,0.5,0.52,0.97,0.59,1,1,0.5302
0.76,0.41,0.65,1.2,0.52,72.82,0.5,0.52,0.97,0.59,1,1,0.5302
0.76,0.41,0.65,1.2,0.52,72.82,0.5,0.52,0.97,0.59,1,1,0.5302
0.76,0.41,0.65,1.2,0.52,72.82,0.5,0.52,0.97,0.59,1,1,0.5302
0.76,0.41,0.65,1.2,0.52,72.82,0.5,0.52,0.97,0.59,1,1,0.5302
0.76,0.41,0.65,1.2,0.52,72.82,0.5,0.52,0.97,0.59,1,1,0.5302
0.65,0.29,0.45,1.17,0.54,77.12,0.51,0.54,0.75,0.47,1,1,0.5302
0.65,0.29,0.45,1.17,0.54,77.12,0.51,0.54,0.75,0.47,1,1,0.5302
0.65,0.29,0.45,1.17,0.54,77.12,0.51,0.54,0.75,0.47,1,1,0.5302
0.65,0.29,0.45,1.17,0.54,77.12,0.51,0.54,0.75,0.47,1,1,0.5302
0.65,0.29,0.45,1.17,0.54,77.12,0.51,0.54,0.75,0.47,1,1,0.5302
0.65,0.29,0.45,1.17,0.54,77.12,0.51,0.54,0.75,0.47,1,1,0.5302
0.65,0.29,0.45,1.17,0.54,77.12,0.51,0.54,0.75,0.47,1,1,0.5302
0.65,0.29,0.45,1.17,0.54,77.12,0.51,0.54,0.75,0.47,1,1,0.5302
0.65,0.29,0.45,1.17,0.54,77.12,0.51,0.54,0.75,0.47,1,1,0.5302
0.65,0.29,0.45,1.17,0.54,77.12,0.51,0.54,0.75,0.47,1,1,0.5302
0.65,0.29,0.45,1.17,0.54,77.12,0.51,0.54,0.75,0.47,1,1,0.5302
0.65,0.29,0.45,1.17,0.54,77.12,0.51,0.54,0.75,0.47,1,1,0.5302
